

Dataset 2
              ------------ Nodes -------------
    class    | label  index  (left right anc) |         time     time length    branch length
----------------------------------------------------------------------------------------------
     tip_C2R2      1      0  (  -1   -1   15) |       0.0000       2108.5261       0.000191876
     tip_C2R2      2      1  (  -1   -1   12) |       0.0000        108.5717       0.000009880
     tip_C2R2      3      2  (  -1   -1   13) |       0.0000       1035.4227       0.000094223
     tip_C2R2      4      3  (  -1   -1   12) |       0.0000        108.5717       0.000009880
     tip_C2R2      5      4  (  -1   -1   13) |       0.0000       1035.4227       0.000094223
     tip_C3R3      6      5  (  -1   -1   18) |       0.0000       2169.3928       0.000197415
     tip_C3R3      7      6  (  -1   -1   17) |       0.0000       1293.3562       0.000117695
     tip_C3R3      8      7  (  -1   -1   17) |       0.0000       1293.3562       0.000117695
     tip_C1R1      9      8  (  -1   -1   20) |       0.0000       3590.5100       0.000326736
     tip_C1R1     10      9  (  -1   -1   22) |       0.0000       5384.4241       0.000489983
     tip_C1R1     11     10  (  -1   -1   21) |       0.0000       5070.5091       0.000461416
     tip_C1R1     12     11  (  -1   -1   20) |       0.0000       3590.5100       0.000326736
  int_C2R2(f)     17     12  (   1    3   14) |     108.5717       1414.8049       0.000128747
  int_C2R2(f)     18     13  (   2    4   14) |    1035.4227        487.9539       0.000044404
  int_C2R2(f)     19     14  (  12   13   15) |    1523.3766        585.1495       0.000053249
  int_C2R2(f)     20     15  (  14    0   25) |    2108.5261      11345.9032       0.001032477
  int_C3R3(f)     21     17  (   7    6   18) |    1293.3562        876.0366       0.000079719
  int_C3R3(f)     22     18  (  17    5   25) |    2169.3928      11285.0365       0.001026938
  int_C1R1(f)     14     20  (   8   11   21) |    3590.5100       1479.9991       0.000134680
  int_C1R1(f)     15     21  (  10   20   22) |    5070.5091        313.9150       0.000028566
  int_C1R1(f)     16     22  (  21    9   26) |    5384.4241      12081.5461       0.001099421
  int_C1R1(f)     23     25  (  15   18   26) |   13454.4293       4011.5409       0.000365050
  int_C1R1(f)     24     26  (  22   25   27) |   17465.9702      32534.0298       0.002960597
    root_C0R0     25     27  (  26    0   -1) |   50000.0000          0.0000       0.000000000
     outgroup      1      0  (  -1   -1   27) |       0.0000      50000.0000       0.004550000
