

Dataset 5
              ------------ Nodes -------------
    class    | label  index  (left right anc) |         time     time length    branch length
----------------------------------------------------------------------------------------------
     tip_C2R2      1      0  (  -1   -1   12) |       0.0000         84.7612       0.000007713
     tip_C2R2      2      1  (  -1   -1   13) |       0.0000        483.3888       0.000043988
     tip_C2R2      3      2  (  -1   -1   13) |       0.0000        483.3888       0.000043988
     tip_C2R2      4      3  (  -1   -1   14) |       0.0000        680.5987       0.000061934
     tip_C2R2      5      4  (  -1   -1   12) |       0.0000         84.7612       0.000007713
     tip_C3R3      6      5  (  -1   -1   17) |       0.0000       1099.1359       0.000100021
     tip_C3R3      7      6  (  -1   -1   17) |       0.0000       1099.1359       0.000100021
     tip_C3R3      8      7  (  -1   -1   18) |       0.0000       1863.7933       0.000169605
     tip_C1R1      9      8  (  -1   -1   22) |       0.0000       5481.5991       0.000498826
     tip_C1R1     10      9  (  -1   -1   20) |       0.0000        161.6910       0.000014714
     tip_C1R1     11     10  (  -1   -1   21) |       0.0000        387.1454       0.000035230
     tip_C1R1     12     11  (  -1   -1   20) |       0.0000        161.6910       0.000014714
  int_C2R2(f)     16     12  (   4    0   14) |      84.7612        595.8375       0.000054221
  int_C2R2(f)     18     13  (   2    1   15) |     483.3888       1105.2927       0.000100582
  int_C2R2(f)     17     14  (  12    3   15) |     680.5987        908.0828       0.000082636
  int_C2R2(f)     19     15  (  14   13   25) |    1588.6815      12465.3528       0.001134347
  int_C3R3(f)     14     17  (   6    5   18) |    1099.1359        764.6573       0.000069584
  int_C3R3(f)     15     18  (  17    7   26) |    1863.7933      15003.4566       0.001365315
  int_C1R1(f)     20     20  (  11    9   21) |     161.6910        225.4544       0.000020516
  int_C1R1(f)     21     21  (  10   20   22) |     387.1454       5094.4538       0.000463595
  int_C1R1(f)     22     22  (   8   21   25) |    5481.5991       8572.4352       0.000780092
  int_C1R1(f)     23     25  (  15   22   26) |   14054.0343       2813.2155       0.000256003
  int_C1R1(f)     24     26  (  18   25   27) |   16867.2499      33132.7501       0.003015080
    root_C0R0     25     27  (  26    0   -1) |   50000.0000          0.0000       0.000000000
     outgroup      1      0  (  -1   -1   27) |       0.0000      50000.0000       0.004550000
