

Dataset 1
              ------------ Nodes -------------
    class    | label  index  (left right anc) |         time     time length    branch length
----------------------------------------------------------------------------------------------
     tip_C2R2      1      0  (  -1   -1   14) |       0.0000       2229.7800       0.000202910
     tip_C2R2      2      1  (  -1   -1   14) |       0.0000       2229.7800       0.000202910
     tip_C2R2      3      2  (  -1   -1   13) |       0.0000       1579.0186       0.000143691
     tip_C2R2      4      3  (  -1   -1   12) |       0.0000        116.5335       0.000010605
     tip_C2R2      5      4  (  -1   -1   12) |       0.0000        116.5335       0.000010605
     tip_C3R3      6      5  (  -1   -1   17) |       0.0000         75.1477       0.000006838
     tip_C3R3      7      6  (  -1   -1   17) |       0.0000         75.1477       0.000006838
     tip_C3R3      8      7  (  -1   -1   18) |       0.0000       2268.1093       0.000206398
     tip_C1R1      9      8  (  -1   -1   21) |       0.0000        971.6838       0.000088423
     tip_C1R1     10      9  (  -1   -1   21) |       0.0000        971.6838       0.000088423
     tip_C1R1     11     10  (  -1   -1   20) |       0.0000        507.9801       0.000046226
     tip_C1R1     12     11  (  -1   -1   20) |       0.0000        507.9801       0.000046226
  int_C2R2(f)     17     12  (   4    3   13) |     116.5335       1462.4851       0.000133086
  int_C2R2(f)     18     13  (   2   12   15) |    1579.0186        836.1013       0.000076085
  int_C2R2(f)     19     14  (   0    1   15) |    2229.7800        185.3399       0.000016866
  int_C2R2(f)     20     15  (  13   14   25) |    2415.1199      12057.4155       0.001097225
  int_C3R3(f)     22     17  (   6    5   18) |      75.1477       2192.9616       0.000199560
  int_C3R3(f)     23     18  (   7   17   26) |    2268.1093      18401.4857       0.001674535
  int_C1R1(f)     15     20  (  11   10   22) |     507.9801       6475.2543       0.000589248
  int_C1R1(f)     14     21  (   9    8   22) |     971.6838       6011.5505       0.000547051
  int_C1R1(f)     16     22  (  21   20   25) |    6983.2344       7489.3011       0.000681526
  int_C1R1(f)     21     25  (  22   15   26) |   14472.5354       6197.0596       0.000563932
  int_C1R1(f)     24     26  (  25   18   27) |   20669.5950      29330.4050       0.002669067
    root_C0R0     25     27  (  26    0   -1) |   50000.0000          0.0000       0.000000000
     outgroup      1      0  (  -1   -1   27) |       0.0000      50000.0000       0.004550000
