

Dataset 3
              ------------ Nodes -------------
    class    | label  index  (left right anc) |         time     time length    branch length
----------------------------------------------------------------------------------------------
     tip_C2R2      1      0  (  -1   -1   15) |   0.000000000      0.326500020       0.000000030
     tip_C2R2      2      1  (  -1   -1   14) |   0.000000000      0.200183702       0.000000018
     tip_C2R2      3      2  (  -1   -1   12) |   0.000000000      0.010062275       0.000000001
     tip_C2R2      4      3  (  -1   -1   13) |   0.000000000      0.152086770       0.000000014
     tip_C2R2      5      4  (  -1   -1   12) |   0.000000000      0.010062275       0.000000001
     tip_C3R3      6      5  (  -1   -1   17) |   0.000000000      0.098503958       0.000000009
     tip_C3R3      7      6  (  -1   -1   18) |   0.000000000      0.250077641       0.000000023
     tip_C3R3      8      7  (  -1   -1   17) |   0.000000000      0.098503958       0.000000009
     tip_C1R1      9      8  (  -1   -1   21) |   0.000000000      0.292413902       0.000000027
     tip_C1R1     10      9  (  -1   -1   22) |   0.000000000      0.472474819       0.000000043
     tip_C1R1     11     10  (  -1   -1   20) |   0.000000000      0.156521941       0.000000014
     tip_C1R1     12     11  (  -1   -1   20) |   0.000000000      0.156521941       0.000000014
  int_C2R2(f)     16     12  (   4    2   13) |   0.010062275      0.142024495       0.000000013
  int_C2R2(f)     17     13  (  12    3   14) |   0.152086770      0.048096932       0.000000004
  int_C2R2(f)     18     14  (  13    1   15) |   0.200183702      0.126316317       0.000000011
  int_C2R2(f)     19     15  (   0   14   25) |   0.326500020      1.134317980       0.000000103
  int_C3R3(f)     14     17  (   5    7   18) |   0.098503958      0.151573683       0.000000014
  int_C3R3(f)     15     18  (   6   17   25) |   0.250077641      1.210740358       0.000000110
  int_C1R1(f)     21     20  (  11   10   21) |   0.156521941      0.135891961       0.000000012
  int_C1R1(f)     22     21  (   8   20   22) |   0.292413902      0.180060917       0.000000016
  int_C1R1(f)     23     22  (   9   21   26) |   0.472474819      1.272292323       0.000000116
  int_C1R1(f)     20     25  (  18   15   26) |   1.460817999      0.283949143       0.000000026
  int_C1R1(f)     24     26  (  25   22   27) |   1.744767142      3.255232932       0.000000296
    root_C0R0     25     27  (  26    0   -1) |   5.000000075      0.000000000       0.000000000
     outgroup      1      0  (  -1   -1   27) |   0.000000000      5.000000075       0.000000455
