

Dataset 6
              ------------ Nodes -------------
    class    | label  index  (left right anc) |         time     time length    branch length
----------------------------------------------------------------------------------------------
     tip_C2R2      1      0  (  -1   -1   15) |       0.0000       2806.6034       0.000255401
     tip_C2R2      2      1  (  -1   -1   13) |       0.0000       1022.7027       0.000093066
     tip_C2R2      3      2  (  -1   -1   12) |       0.0000         76.8475       0.000006993
     tip_C2R2      4      3  (  -1   -1   12) |       0.0000         76.8475       0.000006993
     tip_C2R2      5      4  (  -1   -1   13) |       0.0000       1022.7027       0.000093066
     tip_C3R3      6      5  (  -1   -1   17) |       0.0000        298.1758       0.000027134
     tip_C3R3      7      6  (  -1   -1   17) |       0.0000        298.1758       0.000027134
     tip_C3R3      8      7  (  -1   -1   18) |       0.0000       2218.7087       0.000201902
     tip_C1R1      9      8  (  -1   -1   22) |       0.0000      11601.5203       0.001055738
     tip_C1R1     10      9  (  -1   -1   20) |       0.0000        230.0351       0.000020933
     tip_C1R1     11     10  (  -1   -1   20) |       0.0000        230.0351       0.000020933
     tip_C1R1     12     11  (  -1   -1   21) |       0.0000       1393.5469       0.000126813
  int_C2R2(f)     16     12  (   2    3   14) |      76.8475       2467.3671       0.000224530
  int_C2R2(f)     17     13  (   1    4   14) |    1022.7027       1521.5120       0.000138458
  int_C2R2(f)     18     14  (  12   13   15) |    2544.2147        262.3887       0.000023877
  int_C2R2(f)     19     15  (   0   14   25) |    2806.6034      12599.3387       0.001146540
  int_C3R3(f)     14     17  (   5    6   18) |     298.1758       1920.5329       0.000174768
  int_C3R3(f)     15     18  (   7   17   26) |    2218.7087      13761.4884       0.001252295
  int_C1R1(f)     20     20  (  10    9   21) |     230.0351       1163.5118       0.000105880
  int_C1R1(f)     21     21  (  11   20   22) |    1393.5469      10207.9734       0.000928926
  int_C1R1(f)     22     22  (  21    8   25) |   11601.5203       3804.4218       0.000346202
  int_C1R1(f)     23     25  (  15   22   26) |   15405.9421        574.2550       0.000052257
  int_C1R1(f)     24     26  (  18   25   27) |   15980.1971      34019.8029       0.003095802
    root_C0R0     25     27  (  26    0   -1) |   50000.0000          0.0000       0.000000000
     outgroup      1      0  (  -1   -1   27) |       0.0000      50000.0000       0.004550000
