

Dataset 2
              ------------ Nodes -------------
    class    | label  index  (left right anc) |         time     time length    branch length
----------------------------------------------------------------------------------------------
     tip_C2R2      1      0  (  -1   -1   15) |   0.000000000      0.210852618       0.000000019
     tip_C2R2      2      1  (  -1   -1   12) |   0.000000000      0.010857170       0.000000001
     tip_C2R2      3      2  (  -1   -1   13) |   0.000000000      0.103542276       0.000000009
     tip_C2R2      4      3  (  -1   -1   12) |   0.000000000      0.010857170       0.000000001
     tip_C2R2      5      4  (  -1   -1   13) |   0.000000000      0.103542276       0.000000009
     tip_C3R3      6      5  (  -1   -1   18) |   0.000000000      0.216939284       0.000000020
     tip_C3R3      7      6  (  -1   -1   17) |   0.000000000      0.129335620       0.000000012
     tip_C3R3      8      7  (  -1   -1   17) |   0.000000000      0.129335620       0.000000012
     tip_C1R1      9      8  (  -1   -1   20) |   0.000000000      0.359051009       0.000000033
     tip_C1R1     10      9  (  -1   -1   22) |   0.000000000      0.538442419       0.000000049
     tip_C1R1     11     10  (  -1   -1   21) |   0.000000000      0.507050918       0.000000046
     tip_C1R1     12     11  (  -1   -1   20) |   0.000000000      0.359051009       0.000000033
  int_C2R2(f)     17     12  (   1    3   14) |   0.010857170      0.141480492       0.000000013
  int_C2R2(f)     18     13  (   2    4   14) |   0.103542276      0.048795386       0.000000004
  int_C2R2(f)     19     14  (  12   13   15) |   0.152337662      0.058514956       0.000000005
  int_C2R2(f)     20     15  (  14    0   25) |   0.210852618      1.134590333       0.000000103
  int_C3R3(f)     21     17  (   7    6   18) |   0.129335620      0.087603664       0.000000008
  int_C3R3(f)     22     18  (  17    5   25) |   0.216939284      1.128503667       0.000000103
  int_C1R1(f)     14     20  (   8   11   21) |   0.359051009      0.147999909       0.000000013
  int_C1R1(f)     15     21  (  10   20   22) |   0.507050918      0.031391501       0.000000003
  int_C1R1(f)     16     22  (  21    9   26) |   0.538442419      1.208154627       0.000000110
  int_C1R1(f)     23     25  (  15   18   26) |   1.345442951      0.401154095       0.000000037
  int_C1R1(f)     24     26  (  22   25   27) |   1.746597046      3.253403028       0.000000296
    root_C0R0     25     27  (  26    0   -1) |   5.000000075      0.000000000       0.000000000
     outgroup      1      0  (  -1   -1   27) |   0.000000000      5.000000075       0.000000455
