

Dataset 5
              ------------ Nodes -------------
    class    | label  index  (left right anc) |         time     time length    branch length
----------------------------------------------------------------------------------------------
     tip_C2R2      1      0  (  -1   -1   12) |   0.000000000      0.008476119       0.000000001
     tip_C2R2      2      1  (  -1   -1   13) |   0.000000000      0.048338879       0.000000004
     tip_C2R2      3      2  (  -1   -1   13) |   0.000000000      0.048338879       0.000000004
     tip_C2R2      4      3  (  -1   -1   14) |   0.000000000      0.068059872       0.000000006
     tip_C2R2      5      4  (  -1   -1   12) |   0.000000000      0.008476119       0.000000001
     tip_C3R3      6      5  (  -1   -1   17) |   0.000000000      0.109913594       0.000000010
     tip_C3R3      7      6  (  -1   -1   17) |   0.000000000      0.109913594       0.000000010
     tip_C3R3      8      7  (  -1   -1   18) |   0.000000000      0.186379329       0.000000017
     tip_C1R1      9      8  (  -1   -1   22) |   0.000000000      0.548159921       0.000000050
     tip_C1R1     10      9  (  -1   -1   20) |   0.000000000      0.016169098       0.000000001
     tip_C1R1     11     10  (  -1   -1   21) |   0.000000000      0.038714538       0.000000004
     tip_C1R1     12     11  (  -1   -1   20) |   0.000000000      0.016169098       0.000000001
  int_C2R2(f)     16     12  (   4    0   14) |   0.008476119      0.059583754       0.000000005
  int_C2R2(f)     18     13  (   2    1   15) |   0.048338879      0.110529274       0.000000010
  int_C2R2(f)     17     14  (  12    3   15) |   0.068059872      0.090808281       0.000000008
  int_C2R2(f)     19     15  (  14   13   25) |   0.158868153      1.246535303       0.000000113
  int_C3R3(f)     14     17  (   6    5   18) |   0.109913594      0.076465736       0.000000007
  int_C3R3(f)     15     18  (  17    7   26) |   0.186379329      1.500345682       0.000000137
  int_C1R1(f)     20     20  (  11    9   21) |   0.016169098      0.022545440       0.000000002
  int_C1R1(f)     21     21  (  10   20   22) |   0.038714538      0.509445383       0.000000046
  int_C1R1(f)     22     22  (   8   21   25) |   0.548159921      0.857243535       0.000000078
  int_C1R1(f)     23     25  (  15   22   26) |   1.405403456      0.281321556       0.000000026
  int_C1R1(f)     24     26  (  18   25   27) |   1.686725012      3.313275063       0.000000302
    root_C0R0     25     27  (  26    0   -1) |   5.000000075      0.000000000       0.000000000
     outgroup      1      0  (  -1   -1   27) |   0.000000000      5.000000075       0.000000455
