

Dataset 4
              ------------ Nodes -------------
    class    | label  index  (left right anc) |         time     time length    branch length
----------------------------------------------------------------------------------------------
     tip_C2R2      1      0  (  -1   -1   12) |   0.000000000      0.009268609       0.000000001
     tip_C2R2      2      1  (  -1   -1   15) |   0.000000000      0.234961647       0.000000021
     tip_C2R2      3      2  (  -1   -1   12) |   0.000000000      0.009268609       0.000000001
     tip_C2R2      4      3  (  -1   -1   13) |   0.000000000      0.021635628       0.000000002
     tip_C2R2      5      4  (  -1   -1   14) |   0.000000000      0.162309126       0.000000015
     tip_C3R3      6      5  (  -1   -1   17) |   0.000000000      0.164802794       0.000000015
     tip_C3R3      7      6  (  -1   -1   17) |   0.000000000      0.164802794       0.000000015
     tip_C3R3      8      7  (  -1   -1   18) |   0.000000000      0.249151572       0.000000023
     tip_C1R1      9      8  (  -1   -1   20) |   0.000000000      0.163495558       0.000000015
     tip_C1R1     10      9  (  -1   -1   22) |   0.000000000      0.631189549       0.000000057
     tip_C1R1     11     10  (  -1   -1   21) |   0.000000000      0.451285946       0.000000041
     tip_C1R1     12     11  (  -1   -1   20) |   0.000000000      0.163495558       0.000000015
  int_C2R2(f)     19     12  (   2    0   13) |   0.009268609      0.012367019       0.000000001
  int_C2R2(f)     20     13  (  12    3   14) |   0.021635628      0.140673498       0.000000013
  int_C2R2(f)     21     14  (   4   13   15) |   0.162309126      0.072652521       0.000000007
  int_C2R2(f)     22     15  (   1   14   25) |   0.234961647      1.263000868       0.000000115
  int_C3R3(f)     17     17  (   5    6   18) |   0.164802794      0.084348779       0.000000008
  int_C3R3(f)     18     18  (   7   17   25) |   0.249151572      1.248810943       0.000000114
  int_C1R1(f)     14     20  (   8   11   21) |   0.163495558      0.287790389       0.000000026
  int_C1R1(f)     15     21  (  20   10   22) |   0.451285946      0.179903602       0.000000016
  int_C1R1(f)     16     22  (  21    9   26) |   0.631189549      1.187670386       0.000000108
  int_C1R1(f)     23     25  (  18   15   26) |   1.497962515      0.320897419       0.000000029
  int_C1R1(f)     24     26  (  22   25   27) |   1.818859934      3.181140140       0.000000289
    root_C0R0     25     27  (  26    0   -1) |   5.000000075      0.000000000       0.000000000
     outgroup      1      0  (  -1   -1   27) |   0.000000000      5.000000075       0.000000455
