

Dataset 7
              ------------ Nodes -------------
    class    | label  index  (left right anc) |         time     time length    branch length
----------------------------------------------------------------------------------------------
     tip_C2R2      1      0  (  -1   -1   12) |   0.000000000      0.006894460       0.000000001
     tip_C2R2      2      1  (  -1   -1   12) |   0.000000000      0.006894460       0.000000001
     tip_C2R2      3      2  (  -1   -1   14) |   0.000000000      0.202429951       0.000000018
     tip_C2R2      4      3  (  -1   -1   15) |   0.000000000      0.347492966       0.000000032
     tip_C2R2      5      4  (  -1   -1   13) |   0.000000000      0.202107665       0.000000018
     tip_C3R3      6      5  (  -1   -1   18) |   0.000000000      0.186384901       0.000000017
     tip_C3R3      7      6  (  -1   -1   17) |   0.000000000      0.143045945       0.000000013
     tip_C3R3      8      7  (  -1   -1   17) |   0.000000000      0.143045945       0.000000013
     tip_C1R1      9      8  (  -1   -1   21) |   0.000000000      0.620782497       0.000000056
     tip_C1R1     10      9  (  -1   -1   20) |   0.000000000      0.367622542       0.000000033
     tip_C1R1     11     10  (  -1   -1   21) |   0.000000000      0.620782497       0.000000056
     tip_C1R1     12     11  (  -1   -1   20) |   0.000000000      0.367622542       0.000000033
  int_C2R2(f)     16     12  (   0    1   13) |   0.006894460      0.195213205       0.000000018
  int_C2R2(f)     17     13  (  12    4   14) |   0.202107665      0.000322286       0.000000000
  int_C2R2(f)     18     14  (   2   13   15) |   0.202429951      0.145063015       0.000000013
  int_C2R2(f)     19     15  (  14    3   24) |   0.347492966      0.951285861       0.000000087
  int_C3R3(f)     14     17  (   6    7   18) |   0.143045945      0.043338956       0.000000004
  int_C3R3(f)     15     18  (  17    5   26) |   0.186384901      1.264049094       0.000000115
  int_C1R1(f)     21     20  (   9   11   22) |   0.367622542      0.344792738       0.000000031
  int_C1R1(f)     20     21  (   8   10   22) |   0.620782497      0.091632783       0.000000008
  int_C1R1(f)     22     22  (  21   20   24) |   0.712415280      0.586363547       0.000000053
  int_C1R1(f)     23     24  (  15   22   26) |   1.298778827      0.151655168       0.000000014
  int_C1R1(f)     24     26  (  18   24   27) |   1.450433995      3.549566079       0.000000323
    root_C0R0     25     27  (  26    0   -1) |   5.000000075      0.000000000       0.000000000
     outgroup      1      0  (  -1   -1   27) |   0.000000000      5.000000075       0.000000455
