

Dataset 3
              ------------ Nodes -------------
    class    | label  index  (left right anc) |         time     time length    branch length
----------------------------------------------------------------------------------------------
     tip_C2R2      1      0  (  -1   -1   15) |       0.0000       3265.0001       0.000297115
     tip_C2R2      2      1  (  -1   -1   14) |       0.0000       2001.8370       0.000182167
     tip_C2R2      3      2  (  -1   -1   12) |       0.0000        100.6227       0.000009157
     tip_C2R2      4      3  (  -1   -1   13) |       0.0000       1520.8677       0.000138399
     tip_C2R2      5      4  (  -1   -1   12) |       0.0000        100.6227       0.000009157
     tip_C3R3      6      5  (  -1   -1   17) |       0.0000        985.0396       0.000089639
     tip_C3R3      7      6  (  -1   -1   18) |       0.0000       2500.7764       0.000227571
     tip_C3R3      8      7  (  -1   -1   17) |       0.0000        985.0396       0.000089639
     tip_C1R1      9      8  (  -1   -1   21) |       0.0000       2924.1390       0.000266097
     tip_C1R1     10      9  (  -1   -1   22) |       0.0000       4724.7481       0.000429952
     tip_C1R1     11     10  (  -1   -1   20) |       0.0000       1565.2194       0.000142435
     tip_C1R1     12     11  (  -1   -1   20) |       0.0000       1565.2194       0.000142435
  int_C2R2(f)     16     12  (   4    2   13) |     100.6227       1420.2449       0.000129242
  int_C2R2(f)     17     13  (  12    3   14) |    1520.8677        480.9693       0.000043768
  int_C2R2(f)     18     14  (  13    1   15) |    2001.8370       1263.1632       0.000114948
  int_C2R2(f)     19     15  (   0   14   25) |    3265.0001      11343.1796       0.001032229
  int_C3R3(f)     14     17  (   5    7   18) |     985.0396       1515.7368       0.000137932
  int_C3R3(f)     15     18  (   6   17   25) |    2500.7764      12107.4034       0.001101774
  int_C1R1(f)     21     20  (  11   10   21) |    1565.2194       1358.9196       0.000123662
  int_C1R1(f)     22     21  (   8   20   22) |    2924.1390       1800.6091       0.000163855
  int_C1R1(f)     23     22  (   9   21   26) |    4724.7481      12722.9230       0.001157786
  int_C1R1(f)     20     25  (  18   15   26) |   14608.1798       2839.4914       0.000258394
  int_C1R1(f)     24     26  (  25   22   27) |   17447.6712      32552.3288       0.002962262
    root_C0R0     25     27  (  26    0   -1) |   50000.0000          0.0000       0.000000000
     outgroup      1      0  (  -1   -1   27) |       0.0000      50000.0000       0.004550000
