

Dataset 10
              ------------ Nodes -------------
    class    | label  index  (left right anc) |         time     time length    branch length
----------------------------------------------------------------------------------------------
     tip_C2R2      1      0  (  -1   -1   12) |       0.0000         45.2952       0.000004122
     tip_C2R2      2      1  (  -1   -1   13) |       0.0000         71.2402       0.000006483
     tip_C2R2      3      2  (  -1   -1   13) |       0.0000         71.2402       0.000006483
     tip_C2R2      4      3  (  -1   -1   12) |       0.0000         45.2952       0.000004122
     tip_C2R2      5      4  (  -1   -1   14) |       0.0000       2198.8615       0.000200096
     tip_C3R3      6      5  (  -1   -1   17) |       0.0000        186.8976       0.000017008
     tip_C3R3      7      6  (  -1   -1   18) |       0.0000        409.0552       0.000037224
     tip_C3R3      8      7  (  -1   -1   17) |       0.0000        186.8976       0.000017008
     tip_C1R1      9      8  (  -1   -1   22) |       0.0000      10024.4204       0.000912222
     tip_C1R1     10      9  (  -1   -1   21) |       0.0000       1236.9126       0.000112559
     tip_C1R1     11     10  (  -1   -1   20) |       0.0000        425.4773       0.000038718
     tip_C1R1     12     11  (  -1   -1   20) |       0.0000        425.4773       0.000038718
  int_C2R2(f)     14     12  (   3    0   14) |      45.2952       2153.5663       0.000195975
  int_C2R2(f)     16     13  (   2    1   15) |      71.2402       3269.5671       0.000297531
  int_C2R2(f)     15     14  (  12    4   15) |    2198.8615       1141.9458       0.000103917
  int_C2R2(f)     17     15  (  14   13   25) |    3340.8073       9781.9873       0.000890161
  int_C3R3(f)     18     17  (   7    5   18) |     186.8976        222.1575       0.000020216
  int_C3R3(f)     19     18  (   6   17   25) |     409.0552      12713.7395       0.001156950
  int_C1R1(f)     21     20  (  11   10   21) |     425.4773        811.4352       0.000073841
  int_C1R1(f)     22     21  (   9   20   22) |    1236.9126       8787.5078       0.000799663
  int_C1R1(f)     23     22  (   8   21   26) |   10024.4204       4708.0783       0.000428435
  int_C1R1(f)     20     25  (  15   18   26) |   13122.7946       1609.7041       0.000146483
  int_C1R1(f)     24     26  (  25   22   27) |   14732.4987      35267.5013       0.003209343
    root_C0R0     25     27  (  26    0   -1) |   50000.0000          0.0000       0.000000000
     outgroup      1      0  (  -1   -1   27) |       0.0000      50000.0000       0.004550000
