

Dataset 9
              ------------ Nodes -------------
    class    | label  index  (left right anc) |         time     time length    branch length
----------------------------------------------------------------------------------------------
     tip_C2R2      1      0  (  -1   -1   12) |   0.000000000      0.005316893       0.000000000
     tip_C2R2      2      1  (  -1   -1   13) |   0.000000000      0.110184744       0.000000010
     tip_C2R2      3      2  (  -1   -1   12) |   0.000000000      0.005316893       0.000000000
     tip_C2R2      4      3  (  -1   -1   13) |   0.000000000      0.110184744       0.000000010
     tip_C2R2      5      4  (  -1   -1   14) |   0.000000000      0.257511434       0.000000023
     tip_C3R3      6      5  (  -1   -1   17) |   0.000000000      0.145909109       0.000000013
     tip_C3R3      7      6  (  -1   -1   18) |   0.000000000      0.234375420       0.000000021
     tip_C3R3      8      7  (  -1   -1   17) |   0.000000000      0.145909109       0.000000013
     tip_C1R1      9      8  (  -1   -1   21) |   0.000000000      0.547672450       0.000000050
     tip_C1R1     10      9  (  -1   -1   21) |   0.000000000      0.547672450       0.000000050
     tip_C1R1     11     10  (  -1   -1   20) |   0.000000000      0.268602166       0.000000024
     tip_C1R1     12     11  (  -1   -1   20) |   0.000000000      0.268602166       0.000000024
  int_C2R2(f)     21     12  (   0    2   15) |   0.005316893      0.340742533       0.000000031
  int_C2R2(f)     19     13  (   3    1   14) |   0.110184744      0.147326690       0.000000013
  int_C2R2(f)     20     14  (   4   13   15) |   0.257511434      0.088547993       0.000000008
  int_C2R2(f)     22     15  (  14   12   25) |   0.346059426      0.963910352       0.000000088
  int_C3R3(f)     17     17  (   7    5   18) |   0.145909109      0.088466311       0.000000008
  int_C3R3(f)     18     18  (  17    6   25) |   0.234375420      1.075594358       0.000000098
  int_C1R1(f)     14     20  (  10   11   22) |   0.268602166      0.631528451       0.000000057
  int_C1R1(f)     15     21  (   9    8   22) |   0.547672450      0.352458168       0.000000032
  int_C1R1(f)     16     22  (  20   21   26) |   0.900130617      0.477448692       0.000000043
  int_C1R1(f)     23     25  (  18   15   26) |   1.309969778      0.067609531       0.000000006
  int_C1R1(f)     24     26  (  22   25   27) |   1.377579309      3.622420765       0.000000330
    root_C0R0     25     27  (  26    0   -1) |   5.000000075      0.000000000       0.000000000
     outgroup      1      0  (  -1   -1   27) |   0.000000000      5.000000075       0.000000455
