

Dataset 8
              ------------ Nodes -------------
    class    | label  index  (left right anc) |         time     time length    branch length
----------------------------------------------------------------------------------------------
     tip_C2R2      1      0  (  -1   -1   15) |   0.000000000      0.283645426       0.000000026
     tip_C2R2      2      1  (  -1   -1   13) |   0.000000000      0.054105888       0.000000005
     tip_C2R2      3      2  (  -1   -1   14) |   0.000000000      0.270250639       0.000000025
     tip_C2R2      4      3  (  -1   -1   12) |   0.000000000      0.006105190       0.000000001
     tip_C2R2      5      4  (  -1   -1   12) |   0.000000000      0.006105190       0.000000001
     tip_C3R3      6      5  (  -1   -1   18) |   0.000000000      0.125991020       0.000000011
     tip_C3R3      7      6  (  -1   -1   17) |   0.000000000      0.051308424       0.000000005
     tip_C3R3      8      7  (  -1   -1   17) |   0.000000000      0.051308424       0.000000005
     tip_C1R1      9      8  (  -1   -1   21) |   0.000000000      0.121485768       0.000000011
     tip_C1R1     10      9  (  -1   -1   20) |   0.000000000      0.053214756       0.000000005
     tip_C1R1     11     10  (  -1   -1   20) |   0.000000000      0.053214756       0.000000005
     tip_C1R1     12     11  (  -1   -1   22) |   0.000000000      1.086536813       0.000000099
  int_C2R2(f)     17     12  (   3    4   13) |   0.006105190      0.048000698       0.000000004
  int_C2R2(f)     18     13  (  12    1   14) |   0.054105888      0.216144751       0.000000020
  int_C2R2(f)     19     14  (   2   13   15) |   0.270250639      0.013394787       0.000000001
  int_C2R2(f)     20     15  (  14    0   25) |   0.283645426      1.268308273       0.000000115
  int_C3R3(f)     22     17  (   7    6   18) |   0.051308424      0.074682595       0.000000007
  int_C3R3(f)     23     18  (  17    5   26) |   0.125991020      1.611766337       0.000000147
  int_C1R1(f)     14     20  (   9   10   21) |   0.053214756      0.068271012       0.000000006
  int_C1R1(f)     15     21  (  20    8   22) |   0.121485768      0.965051045       0.000000088
  int_C1R1(f)     16     22  (  11   21   25) |   1.086536813      0.465416887       0.000000042
  int_C1R1(f)     21     25  (  22   15   26) |   1.551953700      0.185803657       0.000000017
  int_C1R1(f)     24     26  (  25   18   27) |   1.737757356      3.262242718       0.000000297
    root_C0R0     25     27  (  26    0   -1) |   5.000000075      0.000000000       0.000000000
     outgroup      1      0  (  -1   -1   27) |   0.000000000      5.000000075       0.000000455
