

Dataset 7
              ------------ Nodes -------------
    class    | label  index  (left right anc) |         time     time length    branch length
----------------------------------------------------------------------------------------------
     tip_C2R2      1      0  (  -1   -1   12) |       0.0000         68.9446       0.000006274
     tip_C2R2      2      1  (  -1   -1   12) |       0.0000         68.9446       0.000006274
     tip_C2R2      3      2  (  -1   -1   14) |       0.0000       2024.2995       0.000184211
     tip_C2R2      4      3  (  -1   -1   15) |       0.0000       3474.9296       0.000316219
     tip_C2R2      5      4  (  -1   -1   13) |       0.0000       2021.0766       0.000183918
     tip_C3R3      6      5  (  -1   -1   18) |       0.0000       1863.8490       0.000169610
     tip_C3R3      7      6  (  -1   -1   17) |       0.0000       1430.4594       0.000130172
     tip_C3R3      8      7  (  -1   -1   17) |       0.0000       1430.4594       0.000130172
     tip_C1R1      9      8  (  -1   -1   21) |       0.0000       6207.8249       0.000564912
     tip_C1R1     10      9  (  -1   -1   20) |       0.0000       3676.2254       0.000334537
     tip_C1R1     11     10  (  -1   -1   21) |       0.0000       6207.8249       0.000564912
     tip_C1R1     12     11  (  -1   -1   20) |       0.0000       3676.2254       0.000334537
  int_C2R2(f)     16     12  (   0    1   13) |      68.9446       1952.1320       0.000177644
  int_C2R2(f)     17     13  (  12    4   14) |    2021.0766          3.2229       0.000000293
  int_C2R2(f)     18     14  (   2   13   15) |    2024.2995       1450.6301       0.000132007
  int_C2R2(f)     19     15  (  14    3   24) |    3474.9296       9512.8585       0.000865670
  int_C3R3(f)     14     17  (   6    7   18) |    1430.4594        433.3896       0.000039438
  int_C3R3(f)     15     18  (  17    5   26) |    1863.8490      12640.4908       0.001150285
  int_C1R1(f)     21     20  (   9   11   22) |    3676.2254       3447.9273       0.000313761
  int_C1R1(f)     20     21  (   8   10   22) |    6207.8249        916.3278       0.000083386
  int_C1R1(f)     22     22  (  21   20   24) |    7124.1527       5863.6354       0.000533591
  int_C1R1(f)     23     24  (  15   22   26) |   12987.7881       1516.5517       0.000138006
  int_C1R1(f)     24     26  (  18   24   27) |   14504.3397      35495.6603       0.003230105
    root_C0R0     25     27  (  26    0   -1) |   50000.0000          0.0000       0.000000000
     outgroup      1      0  (  -1   -1   27) |       0.0000      50000.0000       0.004550000
