

Dataset 8
              ------------ Nodes -------------
    class    | label  index  (left right anc) |         time     time length    branch length
----------------------------------------------------------------------------------------------
     tip_C2R2      1      0  (  -1   -1   15) |       0.0000       2836.4542       0.000258117
     tip_C2R2      2      1  (  -1   -1   13) |       0.0000        541.0589       0.000049236
     tip_C2R2      3      2  (  -1   -1   14) |       0.0000       2702.5063       0.000245928
     tip_C2R2      4      3  (  -1   -1   12) |       0.0000         61.0519       0.000005556
     tip_C2R2      5      4  (  -1   -1   12) |       0.0000         61.0519       0.000005556
     tip_C3R3      6      5  (  -1   -1   18) |       0.0000       1259.9102       0.000114652
     tip_C3R3      7      6  (  -1   -1   17) |       0.0000        513.0842       0.000046691
     tip_C3R3      8      7  (  -1   -1   17) |       0.0000        513.0842       0.000046691
     tip_C1R1      9      8  (  -1   -1   21) |       0.0000       1214.8577       0.000110552
     tip_C1R1     10      9  (  -1   -1   20) |       0.0000        532.1476       0.000048425
     tip_C1R1     11     10  (  -1   -1   20) |       0.0000        532.1476       0.000048425
     tip_C1R1     12     11  (  -1   -1   22) |       0.0000      10865.3680       0.000988748
  int_C2R2(f)     17     12  (   3    4   13) |      61.0519        480.0070       0.000043681
  int_C2R2(f)     18     13  (  12    1   14) |     541.0589       2161.4475       0.000196692
  int_C2R2(f)     19     14  (   2   13   15) |    2702.5063        133.9479       0.000012189
  int_C2R2(f)     20     15  (  14    0   25) |    2836.4542      12683.0825       0.001154161
  int_C3R3(f)     22     17  (   7    6   18) |     513.0842        746.8259       0.000067961
  int_C3R3(f)     23     18  (  17    5   26) |    1259.9102      16117.6631       0.001466707
  int_C1R1(f)     14     20  (   9   10   21) |     532.1476        682.7101       0.000062127
  int_C1R1(f)     15     21  (  20    8   22) |    1214.8577       9650.5103       0.000878196
  int_C1R1(f)     16     22  (  11   21   25) |   10865.3680       4654.1688       0.000423529
  int_C1R1(f)     21     25  (  22   15   26) |   15519.5368       1858.0365       0.000169081
  int_C1R1(f)     24     26  (  25   18   27) |   17377.5733      32622.4267       0.002968641
    root_C0R0     25     27  (  26    0   -1) |   50000.0000          0.0000       0.000000000
     outgroup      1      0  (  -1   -1   27) |       0.0000      50000.0000       0.004550000
