

Dataset 4
              ------------ Nodes -------------
    class    | label  index  (left right anc) |         time     time length    branch length
----------------------------------------------------------------------------------------------
     tip_C2R2      1      0  (  -1   -1   12) |       0.0000         92.6861       0.000008434
     tip_C2R2      2      1  (  -1   -1   15) |       0.0000       2349.6164       0.000213815
     tip_C2R2      3      2  (  -1   -1   12) |       0.0000         92.6861       0.000008434
     tip_C2R2      4      3  (  -1   -1   13) |       0.0000        216.3563       0.000019688
     tip_C2R2      5      4  (  -1   -1   14) |       0.0000       1623.0912       0.000147701
     tip_C3R3      6      5  (  -1   -1   17) |       0.0000       1648.0279       0.000149971
     tip_C3R3      7      6  (  -1   -1   17) |       0.0000       1648.0279       0.000149971
     tip_C3R3      8      7  (  -1   -1   18) |       0.0000       2491.5157       0.000226728
     tip_C1R1      9      8  (  -1   -1   20) |       0.0000       1634.9556       0.000148781
     tip_C1R1     10      9  (  -1   -1   22) |       0.0000       6311.8954       0.000574382
     tip_C1R1     11     10  (  -1   -1   21) |       0.0000       4512.8594       0.000410670
     tip_C1R1     12     11  (  -1   -1   20) |       0.0000       1634.9556       0.000148781
  int_C2R2(f)     19     12  (   2    0   13) |      92.6861        123.6702       0.000011254
  int_C2R2(f)     20     13  (  12    3   14) |     216.3563       1406.7350       0.000128013
  int_C2R2(f)     21     14  (   4   13   15) |    1623.0912        726.5252       0.000066114
  int_C2R2(f)     22     15  (   1   14   25) |    2349.6164      12630.0085       0.001149331
  int_C3R3(f)     17     17  (   5    6   18) |    1648.0279        843.4878       0.000076757
  int_C3R3(f)     18     18  (   7   17   25) |    2491.5157      12488.1092       0.001136418
  int_C1R1(f)     14     20  (   8   11   21) |    1634.9556       2877.9038       0.000261889
  int_C1R1(f)     15     21  (  20   10   22) |    4512.8594       1799.0360       0.000163712
  int_C1R1(f)     16     22  (  21    9   26) |    6311.8954      11876.7037       0.001080780
  int_C1R1(f)     23     25  (  18   15   26) |   14979.6249       3208.9741       0.000292017
  int_C1R1(f)     24     26  (  22   25   27) |   18188.5991      31811.4009       0.002894837
    root_C0R0     25     27  (  26    0   -1) |   50000.0000          0.0000       0.000000000
     outgroup      1      0  (  -1   -1   27) |       0.0000      50000.0000       0.004550000
