

Dataset 10
              ------------ Nodes -------------
    class    | label  index  (left right anc) |         time     time length    branch length
----------------------------------------------------------------------------------------------
     tip_C2R2      1      0  (  -1   -1   12) |   0.000000000      0.004529522       0.000000000
     tip_C2R2      2      1  (  -1   -1   13) |   0.000000000      0.007124022       0.000000001
     tip_C2R2      3      2  (  -1   -1   13) |   0.000000000      0.007124022       0.000000001
     tip_C2R2      4      3  (  -1   -1   12) |   0.000000000      0.004529522       0.000000000
     tip_C2R2      5      4  (  -1   -1   14) |   0.000000000      0.219886155       0.000000020
     tip_C3R3      6      5  (  -1   -1   17) |   0.000000000      0.018689763       0.000000002
     tip_C3R3      7      6  (  -1   -1   18) |   0.000000000      0.040905516       0.000000004
     tip_C3R3      8      7  (  -1   -1   17) |   0.000000000      0.018689763       0.000000002
     tip_C1R1      9      8  (  -1   -1   22) |   0.000000000      1.002442053       0.000000091
     tip_C1R1     10      9  (  -1   -1   21) |   0.000000000      0.123691259       0.000000011
     tip_C1R1     11     10  (  -1   -1   20) |   0.000000000      0.042547733       0.000000004
     tip_C1R1     12     11  (  -1   -1   20) |   0.000000000      0.042547733       0.000000004
  int_C2R2(f)     14     12  (   3    0   14) |   0.004529522      0.215356633       0.000000020
  int_C2R2(f)     16     13  (   2    1   15) |   0.007124022      0.326956715       0.000000030
  int_C2R2(f)     15     14  (  12    4   15) |   0.219886155      0.114194582       0.000000010
  int_C2R2(f)     17     15  (  14   13   25) |   0.334080737      0.978198744       0.000000089
  int_C3R3(f)     18     17  (   7    5   18) |   0.018689763      0.022215753       0.000000002
  int_C3R3(f)     19     18  (   6   17   25) |   0.040905516      1.271373965       0.000000116
  int_C1R1(f)     21     20  (  11   10   21) |   0.042547733      0.081143526       0.000000007
  int_C1R1(f)     22     21  (   9   20   22) |   0.123691259      0.878750794       0.000000080
  int_C1R1(f)     23     22  (   8   21   26) |   1.002442053      0.470807840       0.000000043
  int_C1R1(f)     20     25  (  15   18   26) |   1.312279481      0.160970411       0.000000015
  int_C1R1(f)     24     26  (  25   22   27) |   1.473249892      3.526750182       0.000000321
    root_C0R0     25     27  (  26    0   -1) |   5.000000075      0.000000000       0.000000000
     outgroup      1      0  (  -1   -1   27) |   0.000000000      5.000000075       0.000000455
