

Dataset 1
              ------------ Nodes -------------
    class    | label  index  (left right anc) |         time     time length    branch length
----------------------------------------------------------------------------------------------
     tip_C2R2      1      0  (  -1   -1   14) |   0.000000000      0.222978008       0.000000020
     tip_C2R2      2      1  (  -1   -1   14) |   0.000000000      0.222978008       0.000000020
     tip_C2R2      3      2  (  -1   -1   13) |   0.000000000      0.157901862       0.000000014
     tip_C2R2      4      3  (  -1   -1   12) |   0.000000000      0.011653348       0.000000001
     tip_C2R2      5      4  (  -1   -1   12) |   0.000000000      0.011653348       0.000000001
     tip_C3R3      6      5  (  -1   -1   17) |   0.000000000      0.007514770       0.000000001
     tip_C3R3      7      6  (  -1   -1   17) |   0.000000000      0.007514770       0.000000001
     tip_C3R3      8      7  (  -1   -1   18) |   0.000000000      0.226810938       0.000000021
     tip_C1R1      9      8  (  -1   -1   21) |   0.000000000      0.097168386       0.000000009
     tip_C1R1     10      9  (  -1   -1   21) |   0.000000000      0.097168386       0.000000009
     tip_C1R1     11     10  (  -1   -1   20) |   0.000000000      0.050798009       0.000000005
     tip_C1R1     12     11  (  -1   -1   20) |   0.000000000      0.050798009       0.000000005
  int_C2R2(f)     17     12  (   4    3   13) |   0.011653348      0.146248515       0.000000013
  int_C2R2(f)     18     13  (   2   12   15) |   0.157901862      0.083610135       0.000000008
  int_C2R2(f)     19     14  (   0    1   15) |   0.222978008      0.018533989       0.000000002
  int_C2R2(f)     20     15  (  13   14   25) |   0.241511997      1.205741567       0.000000110
  int_C3R3(f)     22     17  (   6    5   18) |   0.007514770      0.219296168       0.000000020
  int_C3R3(f)     23     18  (   7   17   26) |   0.226810938      1.840148595       0.000000167
  int_C1R1(f)     15     20  (  11   10   22) |   0.050798009      0.647525439       0.000000059
  int_C1R1(f)     14     21  (   9    8   22) |   0.097168386      0.601155061       0.000000055
  int_C1R1(f)     16     22  (  21   20   25) |   0.698323447      0.748930116       0.000000068
  int_C1R1(f)     21     25  (  22   15   26) |   1.447253564      0.619705970       0.000000056
  int_C1R1(f)     24     26  (  25   18   27) |   2.066959533      2.933040541       0.000000267
    root_C0R0     25     27  (  26    0   -1) |   5.000000075      0.000000000       0.000000000
     outgroup      1      0  (  -1   -1   27) |   0.000000000      5.000000075       0.000000455
