

Dataset 6
              ------------ Nodes -------------
    class    | label  index  (left right anc) |         time     time length    branch length
----------------------------------------------------------------------------------------------
     tip_C2R2      1      0  (  -1   -1   15) |   0.000000000      0.280660339       0.000000026
     tip_C2R2      2      1  (  -1   -1   13) |   0.000000000      0.102270269       0.000000009
     tip_C2R2      3      2  (  -1   -1   12) |   0.000000000      0.007684753       0.000000001
     tip_C2R2      4      3  (  -1   -1   12) |   0.000000000      0.007684753       0.000000001
     tip_C2R2      5      4  (  -1   -1   13) |   0.000000000      0.102270269       0.000000009
     tip_C3R3      6      5  (  -1   -1   17) |   0.000000000      0.029817584       0.000000003
     tip_C3R3      7      6  (  -1   -1   17) |   0.000000000      0.029817584       0.000000003
     tip_C3R3      8      7  (  -1   -1   18) |   0.000000000      0.221870875       0.000000020
     tip_C1R1      9      8  (  -1   -1   22) |   0.000000000      1.160152046       0.000000106
     tip_C1R1     10      9  (  -1   -1   20) |   0.000000000      0.023003508       0.000000002
     tip_C1R1     11     10  (  -1   -1   20) |   0.000000000      0.023003508       0.000000002
     tip_C1R1     12     11  (  -1   -1   21) |   0.000000000      0.139354691       0.000000013
  int_C2R2(f)     16     12  (   2    3   14) |   0.007684753      0.246736717       0.000000022
  int_C2R2(f)     17     13  (   1    4   14) |   0.102270269      0.152151201       0.000000014
  int_C2R2(f)     18     14  (  12   13   15) |   0.254421470      0.026238870       0.000000002
  int_C2R2(f)     19     15  (   0   14   25) |   0.280660339      1.259933894       0.000000115
  int_C3R3(f)     14     17  (   5    6   18) |   0.029817584      0.192053290       0.000000017
  int_C3R3(f)     15     18  (   7   17   26) |   0.221870875      1.376148862       0.000000125
  int_C1R1(f)     20     20  (  10    9   21) |   0.023003508      0.116351183       0.000000011
  int_C1R1(f)     21     21  (  11   20   22) |   0.139354691      1.020797355       0.000000093
  int_C1R1(f)     22     22  (  21    8   25) |   1.160152046      0.380442188       0.000000035
  int_C1R1(f)     23     25  (  15   22   26) |   1.540594233      0.057425504       0.000000005
  int_C1R1(f)     24     26  (  18   25   27) |   1.598019737      3.401980338       0.000000310
    root_C0R0     25     27  (  26    0   -1) |   5.000000075      0.000000000       0.000000000
     outgroup      1      0  (  -1   -1   27) |   0.000000000      5.000000075       0.000000455
