

Dataset 9
              ------------ Nodes -------------
    class    | label  index  (left right anc) |         time     time length    branch length
----------------------------------------------------------------------------------------------
     tip_C2R2      1      0  (  -1   -1   12) |       0.0000         53.1689       0.000004838
     tip_C2R2      2      1  (  -1   -1   13) |       0.0000       1101.8474       0.000100268
     tip_C2R2      3      2  (  -1   -1   12) |       0.0000         53.1689       0.000004838
     tip_C2R2      4      3  (  -1   -1   13) |       0.0000       1101.8474       0.000100268
     tip_C2R2      5      4  (  -1   -1   14) |       0.0000       2575.1143       0.000234335
     tip_C3R3      6      5  (  -1   -1   17) |       0.0000       1459.0911       0.000132777
     tip_C3R3      7      6  (  -1   -1   18) |       0.0000       2343.7542       0.000213282
     tip_C3R3      8      7  (  -1   -1   17) |       0.0000       1459.0911       0.000132777
     tip_C1R1      9      8  (  -1   -1   21) |       0.0000       5476.7244       0.000498382
     tip_C1R1     10      9  (  -1   -1   21) |       0.0000       5476.7244       0.000498382
     tip_C1R1     11     10  (  -1   -1   20) |       0.0000       2686.0216       0.000244428
     tip_C1R1     12     11  (  -1   -1   20) |       0.0000       2686.0216       0.000244428
  int_C2R2(f)     21     12  (   0    2   15) |      53.1689       3407.4253       0.000310076
  int_C2R2(f)     19     13  (   3    1   14) |    1101.8474       1473.2669       0.000134067
  int_C2R2(f)     20     14  (   4   13   15) |    2575.1143        885.4799       0.000080579
  int_C2R2(f)     22     15  (  14   12   25) |    3460.5942       9639.1034       0.000877158
  int_C3R3(f)     17     17  (   7    5   18) |    1459.0911        884.6631       0.000080504
  int_C3R3(f)     18     18  (  17    6   25) |    2343.7542      10755.9434       0.000978791
  int_C1R1(f)     14     20  (  10   11   22) |    2686.0216       6315.2844       0.000574691
  int_C1R1(f)     15     21  (   9    8   22) |    5476.7244       3524.5816       0.000320737
  int_C1R1(f)     16     22  (  20   21   26) |    9001.3060       4774.4868       0.000434478
  int_C1R1(f)     23     25  (  18   15   26) |   13099.6976        676.0953       0.000061525
  int_C1R1(f)     24     26  (  22   25   27) |   13775.7929      36224.2071       0.003296403
    root_C0R0     25     27  (  26    0   -1) |   50000.0000          0.0000       0.000000000
     outgroup      1      0  (  -1   -1   27) |       0.0000      50000.0000       0.004550000
